8
0.9158644305924277
-0.03915862025464484
0.7317120963618922
0.08485351353006558
0.6318657768585951
-0.06903359198756005
0.24168239261180585
-0.14417670904980845
0.3778767643149932
0.051326790552199485
0.74999386411721
-0.7706772933100513
0.104590205223406
-0.05232874692973914
0.8266114272042522
0.11393784716568175
0.12178469939656811
0.046343320994291656
0.7129300240950582
0.0778203162971952
0.8583324481633663
0.038479585645065637
0.7616414217692409
0.11434327071837835
0.6249951673498584
2.9285911564066684
0.624992231105646
3.5647230095789317
0.3789463321348886
0.05134677462947769
0.26195714544689963
-0.29800942225796034
32.82875131640042
-65.69802223161001
-98.99159099567252
-53.98459165398797
-56.2956336802098
-82.20709275838638
-91.78282892525694
48.8433542660778
-68.44313855519636
-28.455796304873363
51.33463269273946
-31.76896086423729
-63.49717613218422
60.525961648707224
86.68798000442807
119.95463280859218
-35.68522902788528
171.609179352398
-6.2988216673221515
-123.91544054449191
104.25277154427995
143.72389107991384
-5.704782701401944
-4.851751758768122
-122.94297995028143
-7.241681819336309
-137.55374042586163
