0.3011425042457929 -1.0
0.2469507488034585 -0.8554886521537749
0.22286552416242097 -0.7922649374710514
0.183727034120735 -0.6417322834645669
0.13856723791878964 -0.42195460861509954
0.13856723791878964 -0.42195460861509954
0.10846070711749274 -0.30152848540991195
0.06932221707580678 -0.18110236220472437
0.06932221707580678 -0.18110236220472437
-0.014976069167824537 0.041685965724872695
-0.014976069167824537 0.041685965724872695
-0.057125212289640195 0.15006947660954154
-0.10228500849158555 0.24339972209356192
-0.1384128454531418 0.3096340898564151
-0.21668982553651375 0.3939323761000464
-0.31303072410066385 0.4601667438628996
-0.4394781534661108 0.4902732746641965
-0.4936699089084452 0.4902732746641965
-0.5599042766712984 0.47220935618341836
-0.3822757449436467 0.3036127836961557
-0.3822757449436467 0.3036127836961557
-0.27991354021923726 0.25544233441408065
-0.1775513354948278 0.213293191292265
-0.06314651844989957 0.1892079666512275
0.1536205033194381 0.15308012968967122
0.1536205033194381 0.15308012968967122
0.2620040142041069 0.1350162112088931
0.3402809942874789 0.1289949050486337
0.4426431990118883 0.1289949050486337
0.484792342133704 0.14103751736915246
10000
0.6877828054298643 -0.8141127552892259
0.6160572337042926 -0.6537850067261832
0.5105784517549223 -0.45970404793934205
0.48104439280909866 -0.40485508132566955
0.35868900574782925 -0.23186987892870248
0.3080591904121316 -0.16014430720313075
0.17304634951693776 -0.04200807141983614
0.07600587012351719 0.025498349027760783
-0.03791121438180262 0.0930047694753577
-0.17714320655497126 0.16473034120092941
-0.4134156781215605 0.26177082059435
-0.4935795524030818 0.29552403081814843
-0.5695242754066283 0.3208389384859973
-0.7298520239696711 0.3841262076556194
-0.8311116546410664 0.40522196404549343
-0.9112755289225878 0.3166197872080225
-0.8057967469732176 0.19426440014675309
-0.6581264522440993 0.10144307203130731
-0.5315519139048551 0.05081325669560963
-0.39231992173168645 0.008621743915861553
-0.23621132444661858 -0.012474012474012485
-0.09276018099547512 -0.025131466307936907
0.05491011373364314 -0.025131466307936907
0.15195059312706372 -0.025131466307936907
0.29962088785618196 -0.012474012474012485
0.4852635440870735 0.008621743915861553
0.5865231747584688 0.02971750030573559
0.7510700745994864 0.06347071052953406
0.8776446129387306 0.0930047694753577
0.9957808487220252 0.10566222330928213
10000
0.5392505470459519 -1.0
0.4908369803063458 -0.862828227571116
0.42628555798687096 -0.7095185995623632
0.40611323851203507 -0.6691739606126914
0.3213894967177243 -0.47955415754923414
0.2971827133479213 -0.43517505470459517
0.24473468271334797 -0.3262445295404814
0.18825218818380748 -0.22538293216630195
0.12773522975929982 -0.1285557986870897
0.05108041575492346 -0.019625273522975904
-0.02153993435448573 0.057029540481400465
-0.1304704595185995 0.16999452954048144
-0.20712527352297588 0.2305114879649891
-0.3483315098468271 0.3152352297592998
-0.40481400437636755 0.3394420131291029
-0.5258479212253829 0.37575218818380746
-0.5984682713347921 0.3717177242888403
-0.6226750547045952 0.25875273522975933
-0.4693654266958424 0.20630470459518602
-0.255538840262582 0.1942013129102845
-0.255538840262582 0.1942013129102845
-0.1546772428884026 0.1942013129102845
-0.045746717724288795 0.1942013129102845
0.3213894967177243 0.21840809628008756
0.3213894967177243 0.21840809628008756
0.3213894967177243 0.21840809628008756
0.4585612691466084 0.23454595185995628
0.563457330415755 0.24261487964989062
0.7167669584245078 0.26278719912472653
0.7611460612691466 0.2708561269146609
10000
0.5854689110271385 -1.0
0.5032291308828581 -0.8744761250429406
0.4296461697011336 -0.7489522500858812
0.3820336654070766 -0.6364136035726554
0.33442116111301956 -0.5238749570594298
0.2694950188938509 -0.39402267262109236
0.19591205771212641 -0.23819993129508757
0.1526279628993473 -0.15596015115080725
0.07038818275506697 -0.013122638268636177
0.01844726897973204 0.06911714187564415
-0.08976296805221574 0.2032978357952594
-0.18065956715905188 0.29852284438337345
-0.3364823084850567 0.37643421504637586
-0.41439367914805914 0.3980762624527654
-0.5485743730676743 0.419718309859155
-0.6740982480247338 0.41538990037787704
-0.8039505324630711 0.38076262452765375
-0.7433527997251804 0.29852284438337345
-0.6221573342493989 0.25091034008931645
-0.4879766403297836 0.22061147372037104
-0.35379594641016837 0.2076262452765373
-0.20230161456544143 0.2076262452765373
-0.08110614908965992 0.21195465475781522
0.05740295431123325 0.21195465475781522
0.20456887667468224 0.21628306423909313
0.36039161800068703 0.22493988320164895
0.5118859498454139 0.22926829268292687
0.5984541394709721 0.22926829268292687
0.7369632428718653 0.22926829268292687
0.8581587083476468 0.22926829268292687
10000
0.5371642092506564 -1.0
0.4967178347808524 -0.8786608765905878
0.4427893354877803 -0.7258634619268834
0.3933548778024642 -0.6000302969097152
0.36189658654817214 -0.5236315895778632
0.298980004039588 -0.4067865077762069
0.25403958796202797 -0.32139971722884275
0.18662896384568783 -0.21354271864269855
0.1102302565138357 -0.07422742880226228
0.06978388204403162 -0.00232276307816615
-0.015602908503332538 0.11452231872349007
-0.09649565744294068 0.21788527570187827
-0.17738840638254882 0.2942839830337304
-0.276257321753181 0.35270652393455854
-0.4695011108866894 0.36618864875782653
-0.5144415269642495 0.3616946071500705
-0.6312866087659057 0.3212482326802665
-0.6312866087659057 0.2403554837406583
-0.5234296101797615 0.20440315087861025
-0.40209048677034925 0.1909210260553422
-0.276257321753181 0.1864269844475862
-0.1054837406584527 0.1819329428398302
-0.0021207836800645127 0.17743890123207418
0.10573621490607969 0.16845081801656217
0.23156937992324791 0.16395677640880615
0.36639062815592816 0.15946273480105014
0.4742476267420724 0.15047465158553813
0.6090688749747526 0.1369925267622701
0.7573722480307009 0.11452231872349007
0.802312664108261 0.10553423550797805
10000
0.7140145316488841 -1.0
0.5880081167768542 -0.8034299927996335
0.5023237546638739 -0.6522222949531976
0.5023237546638739 -0.6522222949531976
0.44184067552529954 -0.5262158800811677
0.38135759638672523 -0.43549126137330624
0.3208745172481509 -0.34476664266544477
0.270471951299339 -0.25908228055246446
0.19486810237612104 -0.1481966354650782
0.10918374026314075 -0.0473915035674543
0.04870066112456642 0.038292858545526
-0.03194344439353269 0.1239772206585063
-0.14786934607580016 0.2247823525561302
-0.24363422137854285 0.2701446619100609
-0.3595601230608103 0.2953459448844669
-0.480526281337959 0.3003862014793481
-0.5914119264253452 0.28526543169470453
-0.6670157753485632 0.15421876022779346
-0.6871768017280879 0.06349414151993198
-0.5813314132355829 0.0030110623813576413
-0.4200432021993846 0.0030110623813576413
-0.3444393532761667 0.0030110623813576413
-0.16803037245532493 0.0030110623813576413
-0.09746678012698821 0.0030110623813576413
0.043660404529685226 0.0030110623813576413
0.17470707599659627 0.0030110623813576413
0.270471951299339 0.008051318976238835
0.37631733979184406 0.01309157557112003
0.4922432414741115 0.01309157557112003
0.6031288865614978 0.04333311514040719
10000
0.2529376068847575 -0.8918188337838583
0.18563468858608703 -0.7605781431014508
0.1284272080322171 -0.6697192033982456
0.06785458156341367 -0.5687648259502399
-0.03983008771445912 -0.37358636288409547
-0.07684669277872788 -0.29955315275555794
-0.12395873558779723 -0.23898052628675448
-0.2047222375462018 -0.1312958570088817
-0.2821205935896729 -0.023611187731008915
-0.34605836597340983 0.0739780438020633
-0.42345672201688095 0.168202129420202
-0.5277762453798202 0.24560048546367305
-0.6253654769128923 0.26915650686820775
-0.7128592707011641 0.21531417222927132
-0.7128592707011641 0.0874386274617974
-0.6489214983174271 -0.010150604071274815
-0.48402934848568435 -0.08418381419981236
-0.34269322005847636 -0.09764439785954646
-0.2013570916312683 -0.09764439785954646
-0.2013570916312683 -0.09764439785954646
-0.046560379544326166 -0.09764439785954646
0.1654438130964859 -0.07408837645501179
0.3303359629282286 -0.03707177139074301
0.3303359629282286 -0.03707177139074301
0.5120538423346389 0.006675125503392808
0.6399293871021129 0.04032658465272805
0.7577094941247863 0.06724775197219625
0.8485684338279914 0.09080377337673093
0.9091410602967949 0.10762950295139855
1.0 0.1278203784409997
10000
