8
0.3753976006615175
0.12167668823504177
0.2545239979525298
-0.31211679923452507
0.5956953445324344
0.06377531114272919
0.26950682372509194
0.1791434391345766
0.6886618396571395
0.8985370557856204
0.19231305513190522
0.17957417600954445
0.3704951099423759
0.08824195219722769
0.7487489297942176
0.28373849590442435
0.13520688836862466
0.161697133161105
0.2501183344085678
0.37711270357214677
0.8157883185735726
1.505547159789646
0.7280005285342939
-0.4167667016763478
0.6549657493937113
-0.05667727034244115
0.3380218741592107
-2.162849831802949
0.7070100766954863
6.0676255866629525
0.3389920872157568
-0.15753524366893973
-1.4274046981187734
8.081438794535794
12.6371488109765
-10.181066572640853
11.116884180489254
-4.457272614128347
6.415735502924061
13.896823874869368
-8.31512609673161
-2.5920735365766117
-12.581232766422806
15.186329276663946
2.7005092045727537
-0.7795503309576273
5.739035199523105
-4.206468604568956
15.008964061719668
1.14343232918807
-1.2654694273484257
-4.227852738525504
10.202519685186369
-11.054860902161902
22.010334105510097
-4.654770873162374
-0.6379774402557323
5.771751465965205
-8.652903531219835
1.5295738592682433
3.333468453868941
-4.3534367636462115
-2.262385448628482
-10.31523219096568
0.799261360884389
4.568840766244787
-1.1956721326742668
-0.5896210192946421
-8.438361501159353
-18.82122501519014
15.857732430603157
14.895623875216089
11.885541901926423
-0.479384476601712
12.327078655197838
-25.92845295539373
-23.904697029874598
11.622749788764265
4.9630312537497785
7.836595773068361
6.937502029850237
9.649284014904625
-56.81392096149545
