8
0.6199728927441692
-0.05624756366371107
0.7422262834915894
-0.17993934374240514
0.8691422897132733
0.15915417169279333
0.7316826918456525
-0.32366782950050765
0.6264547190974687
-0.08895041368068121
0.2574412312938771
0.1862345723701188
0.12793763336327407
0.09079079338831245
0.7417182746781692
0.16613634980633582
0.3671010882677188
-0.08824909150941163
0.7394306863788109
-0.2224353007965545
0.13239477267845207
-0.1634097021352824
0.26804922106707585
0.34738628374529024
0.8705945805528181
-0.13216947327715617
0.25872039766981336
0.2158768244538249
0.3747760812497962
0.13761579275071834
0.2627221247753264
0.3140327729110738
0.4026849945417258
81.87106142745205
-37.52574810921834
-58.67982102153743
-36.58224210706143
-22.635419318436792
45.94281800180695
52.436337805940404
-27.930662686740032
-0.06110901289703537
-42.51530403212951
43.49577548991579
-19.14166635827046
55.31670352545284
-53.59819351522416
-43.76772274710136
-37.40633494911651
65.3594363606356
-2.999168985522053
-40.08452189496864
-20.14347470978033
78.35699426594525
-15.447785372578286
73.80654179186186
-31.43249324851358
-18.059173137225088
-33.99642875087302
