6
0.8451281516098896
0.13312388544066261
0.7926405752960493
-0.7851488059899102
0.1622587798697217
-0.02449054066538118
0.5742493373999007
38.70199106505804
0.6531733678242122
-0.12889757638995214
0.24175486451750902
-0.25921053180483133
0.3775101578842059
-0.13087134676851758
0.3394115865169154
0.11755930801740952
0.3749833122310157
-0.2855553470940654
0.20117469780187885
0.11627333574442256
0.07955684571980678
-0.03777750833049312
0.8727663280189455
30.125811967408247
1.3709761971369185
-14.222800158881938
-15.162044665986201
1.79637168736511
22.22876288139588
21.814487759839228
-8.62805835698437
1.595110361757428
-11.791430448252871
-7.878740774541033
-0.42439825467626224
8.028793175706113
4.411541858424946
-4.4244839678459496
-2.083189285087684
9.39301076511109
1.76013632309321
-7.00202626610338
2.085542137206917
4.241194446231452
2.2783145657564914
1.4935108802653847
6.6151504106924905
0.8678773473568846
-18.040225653381796
0.4625068551991789
-0.24446686765162357
0.5442306726051691
-3.0739894740877283
28.572216476135956
-71.05708422459742
30.80457447858713
-51.255805240382394
-10.356610117252206
-37.41625397267221
29.148644093805217
36.12183314609693
-9.243555840615194
-0.42103623716488064
10.072088546342961
31.960241028659254
-73.01838205285709
64.5892692732707
